max_ACC max_MCC
0.5126 0.7985
AUC: 0.988143
AUPRC: 0.999976

max_acc_MCC: 0.72888
max_acc_F1-score: 0.99960
max_acc_ACC: 0.99919
max_acc_FDR: 0.00065
max_acc_FNR: 0.00016
max_acc_info: 6.51081
max_acc_Recall: 0.99984
max_acc_Precesion: 0.99935
max_acc_FPR: 0.38652
max_acc_compound matrix:
[[   3314    2088]
 [    509 3206975]]

max_mcc_MCC: 0.72472
max_mcc_F1-score: 0.99952
max_mcc_ACC: 0.99905
max_mcc_FDR: 0.00043
max_mcc_FNR: 0.00052
max_mcc_info: 2.41782
max_mcc_Recall: 0.99948
max_mcc_Precesion: 0.99957
max_mcc_FPR: 0.25657
max_mcc_compound matrix:
[[   4016    1386]
 [   1661 3205823]]
